1.0212    0.9022    1.0078    0.9796    1.0229    0.9779    0.9907    1.0023
0.9073    1.0812    1.0042    0.9681    1.0511    1.0251    0.9428    1.0042
1.0429    0.9925    1.0187    0.9798    0.9770    1.0253    0.9939    1.0046
1.0153    0.9016    1.1327    1.1197    0.9998    1.1013    0.9724    0.9681
0.9444    0.9157    1.0166    0.9975    1.0593    0.9349    0.9671    0.9887
0.9841    0.9957    1.0070    0.9899    1.0112    0.9649    1.0724    0.9847
1.0419    1.0154    1.0789    0.9901    1.0040    0.9388    0.9941    1.0675
1.1213    1.0169    1.0045    1.0758    0.9834    0.9715    1.0315    0.9422
0.9824    1.0533    0.9664    0.9134    0.9808    0.9747    1.0188    0.9897
1.0691    1.0166    1.0466    1.0556    1.0529    0.9779    0.9493    1.0533
0.9570    0.9963    0.9821    0.9640    0.9734    0.9766    0.9055    1.0211
1.0103    1.0524    1.0101    0.9863    0.9976    0.9745    0.9283    0.9456
0.9896    1.1029    1.0438    1.0339    0.9483    0.9881    1.0138    1.0397
1.0170    1.0013    1.0404    0.9532    1.0302    1.0214    0.9849    0.8649
0.9751    0.9880    0.9198    1.0213    1.0125    1.0557    1.0380    0.9754
0.9289    1.0519    0.8819    0.9963    1.0221    0.9818    0.9810    1.0784
0.9865    0.9746    0.9649    0.9301    0.9987    1.0914    0.9339    1.0249
1.0220    0.9258    1.0826    1.0096    0.9629    1.0436    1.0048    1.0396
0.9747    0.9947    1.0118    1.0290    0.9957    1.0610    1.0551    0.9954
0.9908    1.0123    0.9924    1.0319    0.9358    0.9510    1.0133    0.9810
1.0201    1.0073    0.9922    0.9717    0.9831    0.9086    0.9907    1.0348
1.0270    0.9441    1.0519    0.9992    1.1154    1.0163    0.9790    1.1159
0.9633    0.9702    1.0165    1.0311    1.0836    1.0172    1.0634    0.9866
0.9866    0.9660    1.0238    1.0267    1.0434    0.9150    1.0457    1.0719
1.0435    1.0478    0.8955    0.9805    1.0219    0.9257    0.9785    0.9730
1.0165    0.9935    0.9913    0.9364    1.0413    1.0176    0.9327    0.9785
0.9326    1.0325    1.0010    1.0136    1.0195    1.0518    0.9543    1.0325
1.0774    1.0299    0.9570    1.0159    1.0466    1.0678    1.0167    0.9549
0.9692    0.9904    0.9989    1.0749    1.0603    0.9541    0.9454    1.0471
0.9651    0.9010    0.9699    0.9223    0.9489    1.0302    0.9807    0.9158
0.9288    1.0181    1.0435    0.9823    0.9905    1.0307    0.9939    0.8790
0.9945    1.0352    0.9715    1.0217    0.9986    0.9984    0.9670    0.9921
0.9949    0.9624    1.0652    0.9949    0.9722    0.9474    0.9688    1.0164
0.9839    0.9992    0.9979    1.1014    0.9503    0.9448    0.9887    1.0638
0.9580    0.9779    1.0448    0.9816    1.0636    1.0370    0.9725    1.0060
0.9170    1.0851    1.1142    0.8818    1.0334    0.9159    0.9329    1.0477
1.1506    0.9985    1.0033    1.0365    0.9545    0.9853    1.0368    1.0120
1.0750    1.0102    1.0747    0.9300    0.9474    1.0070    0.9540    1.0340
0.9821    0.9476    0.9464    1.0657    1.0214    1.0546    1.0518    0.9516
0.9943    0.9632    1.0912    1.0202    0.9656    0.9820    0.9828    0.9962
1.0179    0.9322    0.9396    0.9828    0.9401    0.9304    0.9846    0.9701
0.9994    1.0364    0.9967    0.9510    0.9876    1.0174    1.0648    0.9882
0.9715    1.0304    0.9837    1.0929    0.9578    0.9640    1.0131    1.1148
1.0467    0.9586    0.9425    1.0155    1.0425    1.0889    0.9799    0.9298
0.9431    1.1444    0.9346    0.9755    1.1153    0.9566    0.9587    1.0017
1.0979    1.0460    1.0323    0.9653    0.9150    1.0086    0.9741    0.9840
0.9118    1.0203    0.9305    0.9910    1.0419    1.1021    1.0200    1.0190
0.9838    1.0958    0.9330    1.0628    1.0211    1.0527    1.0424    1.0896
1.0436    0.8772    1.0564    1.0955    0.9579    0.9992    1.0024    1.0456
1.0059    0.9954    1.0001    1.0014    1.0481    1.0240    0.9754    0.9672
0.9248    0.9988    1.0190    1.0214    0.9556    1.1201    1.0168    0.9283
1.0461    1.0100    0.9549    1.0162    0.9059    1.0700    1.0336    1.0424
1.0082    0.9481    0.9902    0.9176    0.9438    0.9336    0.9789    0.9504
0.9593    1.0265    1.0153    1.0070    1.0289    1.0092    1.0722    0.9642
1.0202    0.8891    1.0084    0.9751    1.0205    1.0532    0.9818    1.0233
1.0378    1.0054    1.0894    0.9786    1.0501    0.9233    1.0449    0.9239
1.1092    1.0219    0.9688    0.9925    1.0245    1.0144    1.0484    1.0778
0.9953    0.9980    0.9925    0.8555    1.0630    0.9966    1.0028    1.0051
0.9853    1.0182    1.0416    0.9633    0.8998    1.0144    0.9958    0.9883
0.9748    0.9618    1.0474    1.0378    0.9848    0.9597    1.0436    1.0404
0.9037    1.0275    0.9013    1.0060    0.9818    0.9087    0.9098    1.0403
1.0261    0.9813    0.9804    0.9742    0.9971    0.9464    1.0017    0.9875
0.8973    0.9170    0.9662    0.9830    1.0534    1.0937    1.0035    1.0551
0.9865    0.9845    0.9992    0.9460    0.9662    0.9935    1.0183    1.0184
0.9862    0.9690    1.0258    0.9651    1.0126    0.9524    0.9558    1.0550
1.0423    0.9488    1.0222    0.9709    0.9045    1.0734    0.9295    1.0132
0.8614    1.0252    1.0570    0.9907    0.9542    1.0459    0.8681    0.9904
1.0459    1.0020    1.0224    1.0294    1.0470    0.9569    1.0273    1.0874
0.9740    0.9873    1.0158    0.9989    0.9128    1.0537    1.0539    0.9608
0.9353    0.9726    1.0473    0.9960    1.0707    1.0555    0.9778    1.0317
0.9996    1.0838    1.0214    0.9582    0.9758    0.9613    1.1190    1.1011
1.0117    1.0587    0.9338    1.0489    1.0264    1.0270    0.9680    0.9793
0.9788    0.9905    1.0055    1.0118    0.9412    0.9815    0.9344    1.0317
0.9265    1.0043    0.9173    1.0283    1.0377    1.0625    0.9927    1.0160
1.0603    1.0756    1.0555    1.0110    0.9999    0.9369    1.0053    0.9826
1.0099    1.0897    0.8946    1.0404    1.0627    0.9796    1.0341    0.9998
0.9647    1.0551    0.9725    1.0756    0.9727    1.0410    1.0061    1.0309
1.0608    0.9837    1.0047    0.9784    0.9632    0.9960    0.9618    1.1164
1.0184    0.9709    0.9981    1.0271    0.9622    1.0288    0.9238    1.0443
0.9366    1.0376    1.0941    1.0340    1.0987    1.0869    0.9707    0.9878
1.0311    0.9568    1.0028    0.9996    0.9835    0.9787    0.9318    0.9013
0.9102    0.9465    0.9693    1.0956    0.9195    0.9452    1.0362    1.0125
0.9471    0.9822    1.0294    0.9511    1.0474    1.0781    0.9948    1.0130
1.0076    1.0478    0.9397    0.9757    1.0012    0.9781    0.9073    0.9604
1.0206    1.0080    1.0273    1.0039    0.9822    1.0159    1.0183    1.0505
1.0035    1.0122    1.0125    1.0013    1.0258    0.9709    0.9539    1.0195
0.9033    1.0562    0.9804    0.9889    1.0444    0.9216    1.0675    1.0293
1.0409    1.0117    0.9689    0.9760    0.9681    0.9526    1.0026    0.9757
1.0631    0.9431    0.9405    1.0412    1.0055    1.0656    1.0115    0.9658
1.0584    1.0421    0.9061    0.9970    0.9845    0.9792    0.9606    0.9766
0.9715    1.0238    0.9788    0.9597    0.9711    0.9925    1.0262    0.9445
0.9803    0.9956    1.0389    1.0856    1.0238    1.0150    1.0032    0.9739
0.9491    0.9793    0.9643    1.0456    1.0361    1.0588    1.0108    1.0363
1.0125    0.9728    1.0792    1.0744    0.9315    1.0076    0.9840    0.8872
1.0126    0.9988    0.9556    0.9987    1.0555    0.9871    1.0322    0.9114
0.9614    0.9600    1.1070    1.0958    1.0074    0.9574    0.8780    1.0013
1.0460    0.9744    0.9654    1.0460    0.9882    1.0291    1.0083    1.0164
1.0426    0.9257    1.0050    0.9096    0.9206    0.8956    1.0524    0.9526
1.0329    0.9741    1.0717    0.9367    0.9871    0.9413    0.9905    1.0268
0.9623    0.9653    1.0617    1.0292    0.9965    1.0368    1.0289    1.0630
0.9331    1.0289    0.9621    0.9942    1.0052    1.0223    0.9702    1.0342
1.0326    1.0727    1.0369    0.9928    0.9782    0.9362    1.0086    0.9218
1.0724    1.0518    0.9443    1.0537    1.0463    1.0269    0.9708    0.9635
0.9355    1.0523    0.9147    1.0851    1.0784    1.0235    1.0573    0.9573
0.8896    1.0338    1.0331    1.0196    1.0622    0.9408    1.0235    0.9831
1.0718    1.0273    0.9135    1.0064    0.9885    0.9964    1.0688    0.9664
0.9969    1.0375    0.8931    1.1125    1.0168    1.0801    0.9979    0.9579
1.0589    0.9635    0.9970    0.9995    1.0203    0.9753    0.9970    1.0955
1.0493    1.0417    1.0693    0.9775    0.9689    0.9326    1.0157    0.9834
0.9391    0.9401    1.0609    0.9702    0.9994    1.0079    1.0724    0.9924
0.9784    1.0309    0.9252    0.9632    0.9705    0.9720    0.8805    1.0143
0.9583    0.9584    1.0019    1.0041    1.0034    0.9821    0.9162    0.9134
1.0090    0.9515    1.0401    0.9570    1.0805    1.0205    1.0633    0.9429
1.0583    0.9773    1.0487    0.9071    0.9906    0.9973    1.0947    1.0235
1.0028    0.9349    1.0780    0.9358    0.9635    0.9809    0.9898    1.0176
0.8950    1.0008    1.0793    1.0218    1.0689    0.9484    1.0677    0.9419
1.0618    1.0555    1.0428    1.0546    1.0437    0.9590    1.1085    1.0563
1.0001    0.9875    0.9288    1.0601    0.9737    0.9488    1.0095    0.9967
0.9770    1.0248    1.0020    1.1156    0.9632    0.9697    0.9772    1.0071
0.8948    1.0081    0.9310    0.9458    1.0705    1.0880    0.9761    1.0055
1.0187    1.0606    1.0617    1.0682    1.0016    1.0074    0.9872    0.9725
1.0123    0.9921    1.0871    1.0041    1.0093    0.9725    1.0399    0.9084
1.0169    1.0146    0.8999    0.9766    1.0175    0.9936    0.9915    0.9935
0.9461    1.1234    1.0418    0.9787    0.9685    1.0123    1.1019    0.9218
0.9635    1.0573    0.9829    1.0445    1.0544    1.0138    0.9830    0.9918
0.9542    0.9533    0.9761    1.0325    1.1177    1.0159    0.9642    1.0104
1.0894    1.0560    0.9555    0.9097    0.8756    1.0545    1.0272    1.0099
0.9590    0.9538    1.0632    1.0512    1.0099    0.9828    1.0118    0.9307
0.9902    1.0005    1.0192    1.0413    1.0473    1.0178    1.0231    1.0183
0.9555    1.0145    0.9941    0.9882    0.9602    0.9691    0.8953    0.9395
1.0455    1.0435    1.0209    0.9509    1.0045    0.9071    0.9925    1.0126
0.9994    0.9801    1.0507    0.9615    1.0085    0.9714    0.9083    1.0302
1.0036    1.0269    0.9565    0.9382    0.9700    1.0709    1.0093    1.0799
1.0470    1.0885    0.9603    0.9975    1.0353    0.9823    1.0382    0.8975
1.0338    0.9047    1.0344    0.9806    1.0607    1.0511    1.0590    1.0415
1.0393    0.9462    1.0793    0.9844    1.0112    1.0301    1.0376    0.9919
0.8934    1.0597    1.0625    1.0111    1.0185    0.9701    1.0242    0.9962
1.0110    0.9853    0.9942    0.9851    0.9727    1.0957    1.0388    0.9719
1.0483    0.9981    0.9334    0.9151    1.0559    1.0437    0.9972    1.0117
1.0175    1.0462    0.8829    0.9701    0.9955    1.0451    0.9981    0.9871
1.0451    1.1112    0.9537    0.9738    1.0220    0.9545    1.0510    0.9691
1.1061    0.9349    1.0565    0.9142    1.0587    0.9676    1.0544    0.9731
1.0624    0.9546    0.9725    1.0443    0.9851    1.0323    0.9765    1.0308
0.9438    0.9961    1.0142    0.8917    0.9903    1.0600    0.9101    1.0246
0.9585    1.0000    1.0106    1.0211    1.0045    0.9987    0.8852    1.0550
0.9939    1.0053    0.8899    0.9853    0.9888    1.0856    0.9189    1.0181
0.9679    0.9844    1.0626    0.9818    0.9366    0.9936    0.9500    0.9927
0.9961    1.0610    1.1012    1.0324    1.0241    1.0359    1.0224    0.9431
1.0614    0.9545    0.9981    0.9848    0.9279    1.0002    0.9612    1.0157
0.9734    1.0102    1.0499    0.9887    0.9848    1.0547    0.9957    0.9847
0.9857    1.0495    0.9621    0.9564    0.9296    0.9836    1.0185    1.0111
0.9886    1.0188    1.0298    1.0563    1.0651    0.9984    0.9307    1.0437
1.0337    0.9689    1.1062    1.0496    1.0043    0.9246    0.9575    0.9754
1.0518    1.0060    1.0656    1.0343    1.0239    1.0151    0.9625    0.9759
0.9925    0.9841    0.9650    1.0266    0.9869    1.0045    0.9599    0.9870
0.9841    0.9700    0.9490    1.0363    1.0793    1.0264    0.9780    1.0106
1.0467    1.0677    1.0027    1.0347    0.9798    1.0169    1.0394    1.1018
1.0362    0.9901    0.9881    1.0197    1.0576    0.9665    0.9746    0.9564
1.0244    0.9711    0.9969    1.0316    1.0577    1.0332    1.0347    1.0670
1.1633    0.9622    1.0636    0.9645    0.9737    1.1305    1.0170    0.9892
1.0016    1.0061    1.0111    1.0015    1.0215    0.9679    1.0096    1.0449
1.0171    0.9252    1.0832    1.0275    1.0063    1.0466    1.0488    1.0030
0.9958    0.9177    0.9979    0.9637    1.1057    0.9711    1.1070    0.9733
1.0308    1.0096    0.9933    1.0000    0.9503    0.9546    1.0734    0.9870
0.9738    0.9355    1.0397    0.9906    0.9208    0.9439    0.9208    1.0479
1.0504    0.9800    1.0213    1.0621    1.0155    1.0288    1.0265    1.0633
1.0915    1.0388    0.9895    1.0236    0.9515    1.0017    0.9377    1.0481
1.0043    1.0461    0.9206    1.0547    0.9705    1.0437    0.8995    0.9718
0.9966    1.0772    0.9442    1.0311    1.0166    0.9905    0.9395    0.9356
0.9718    0.9495    1.0308    1.0505    0.9351    0.9412    0.8909    1.0200
0.9763    1.0428    1.0272    0.9953    1.0536    0.9901    0.9434    1.0264
0.9148    1.0163    0.9266    1.0058    1.0211    0.9963    1.0677    0.8744
0.9973    1.0626    1.0060    0.9686    1.0711    1.0306    0.9762    1.0012
0.9559    1.0110    1.0265    1.0194    0.9844    0.9395    1.1340    1.1048
1.0628    1.0408    0.9412    1.1537    1.0457    0.9078    1.0195    0.9906
1.0078    1.0570    0.9501    1.0049    0.9441    1.0229    1.0502    0.9678
1.0027    0.9794    1.0597    0.9977    1.0120    0.9612    0.9927    0.9496
1.0699    0.9769    0.9123    1.0429    1.0562    0.9755    0.9860    0.9095
0.9112    0.9335    1.0223    0.9218    0.9676    1.0275    0.9608    0.9755
1.0165    0.9956    1.0489    1.0564    1.0044    1.0009    1.0080    1.0151
0.9471    1.0178    0.9104    0.9576    1.0817    1.0082    0.9259    0.9508
0.9678    0.9628    0.9935    1.0284    0.9608    1.0592    0.9575    1.0127
1.0129    1.0036    0.9412    1.0138    0.9445    1.0533    0.9465    1.0394
1.0446    0.9822    1.0045    0.9966    1.0467    1.0002    1.0084    0.9703
0.9582    0.9784    0.9789    0.9641    0.9988    0.9734    1.0758    1.0246
1.0277    1.0390    0.9175    1.0209    0.9450    0.9403    1.1079    1.0283
1.0729    1.0408    1.0309    1.0562    0.9553    1.0158    0.9122    0.9979
0.9572    1.0574    1.0298    1.0341    1.0173    1.1157    1.0173    1.0978
0.9504    0.9458    0.9691    1.0698    1.0122    1.0524    0.9673    0.9364
0.9994    0.9932    1.0264    0.9306    0.9824    1.0112    0.9459    1.0138
1.0313    1.0328    0.9328    1.0010    1.0115    0.9451    1.0052    0.9537
1.0001    0.9353    0.9383    0.9325    1.0282    0.9387    0.9764    0.9639
0.9592    1.0963    0.9423    1.0057    0.9635    0.9735    1.0026    1.0220
1.0058    1.0117    0.9945    1.0271    0.9840    0.8129    1.0384    1.0546
1.0104    0.9727    0.9738    0.9616    0.9637    1.0209    0.9532    1.0085
0.9778    1.0516    1.0956    1.0641    1.0670    1.0622    0.9924    1.0652
0.9440    1.0189    0.9964    0.9763    0.9361    1.0055    0.9150    0.9535
1.0218    1.0055    1.0281    1.0312    1.0807    0.9836    0.9808    1.0169
1.0009    0.9660    1.0287    0.9826    0.9715    1.0676    1.0494    0.9735
0.9819    0.9117    1.0186    0.9621    0.9999    0.9786    0.9127    0.9621
0.9684    0.9518    1.0096    0.9631    1.0479    0.9710    1.0195    0.8684
0.9750    0.9677    1.0622    0.9274    1.0369    1.0463    0.9324    1.0380
0.9566    1.0226    0.9418    1.0760    0.9829    1.0003    1.0109    1.0937
0.9480    1.0307    1.0818    0.8776    1.0444    0.9683    0.9775    1.0250
1.0633    0.9607    1.0343    0.9355    0.9410    1.0429    0.9861    1.0688
0.9879    1.0414    0.9425    0.9008    1.0691    0.9760    0.9198    1.0029
0.9135    1.0334    1.0555    0.9329    1.0580    1.0745    0.9544    0.9385
0.9756    0.9937    1.0591    0.8604    1.0009    0.9685    0.9903    0.9564
1.0530    0.9524    1.0854    1.0301    1.0202    0.9703    1.0036    0.9599
0.9731    1.0446    0.9790    1.0020    1.0490    0.9686    0.9904    1.0551
1.0889    0.9935    1.0820    0.9485    0.9836    1.0178    0.9679    0.9760
0.9610    0.9493    1.0132    0.9350    1.0273    1.0653    1.0664    1.0046
0.9624    1.0126    0.9268    0.9341    1.0344    1.0183    0.9903    0.9333
0.9483    1.0262    0.9612    0.9861    1.0186    1.0386    0.9612    0.9908
1.0582    0.9269    1.0465    0.8989    0.9290    1.0628    0.9621    0.9187
0.9710    1.0933    1.0896    1.0203    0.9832    0.9936    0.9962    0.9649
1.0209    0.8925    0.9408    0.9955    0.9012    1.0474    1.0465    1.0380
0.9176    0.9182    0.9944    0.9829    0.9808    0.9938    0.9788    1.0855
0.9714    1.0612    0.9672    1.0326    0.9605    1.1050    1.0436    1.0243
1.0330    1.0163    1.0940    1.0173    0.9952    1.0130    1.0113    1.0049
0.9360    0.9786    0.9552    0.9828    1.0189    0.9727    0.9718    1.0537
1.0025    1.0006    1.0666    1.0015    1.0415    1.0050    0.9591    1.0364
1.0274    1.0366    0.9688    0.9933    0.9928    0.9634    1.0089    0.8776
1.0889    0.9566    1.0388    0.9687    1.0020    0.9238    0.9948    0.9104
1.0321    1.0464    0.9338    1.0556    1.0507    1.0175    0.9548    0.9583
1.0473    1.0349    1.0750    1.0601    1.0648    1.0116    0.9603    0.9563
0.9823    0.9977    0.8899    1.0036    1.0109    1.0327    1.0270    0.9200
0.9711    1.0096    1.0161    0.9487    1.0431    0.9578    1.0261    0.9661
1.0028    0.9686    1.0211    0.9414    0.9635    0.9597    0.9844    0.9534
0.9553    0.9572    0.9590    1.0126    1.0793    0.9755    1.0413    1.0550
1.0561    0.9806    0.9517    0.9868    0.9669    0.9497    0.9825    0.9695
1.0388    1.0514    1.0305    0.9593    0.9616    1.1346    0.9942    0.9362
1.0481    0.9880    0.9482    1.0066    1.0269    1.0186    1.0617    0.9792
1.0630    0.9774    0.9986    0.9408    0.9967    0.9673    0.9730    0.9658
0.9946    0.9510    0.8590    1.0170    0.9207    1.0212    0.8979    1.0131
0.9711    0.9433    0.8959    0.9204    1.0539    1.0615    0.9356    0.9884
1.0263    1.0011    0.9978    0.8773    1.0348    1.0339    1.0145    0.9257
1.0576    1.0520    1.0559    0.9896    1.0824    1.0458    0.9892    1.0290
1.0429    1.0616    0.9175    0.9509    1.0147    1.0240    1.1376    0.9818
1.0473    1.0280    1.0339    1.0766    1.0352    0.9246    0.9292    0.9700
1.0753    0.9845    1.0247    1.0686    0.9424    0.9620    0.9878    0.9574
1.0148    0.9816    0.9706    0.9694    1.0930    1.0530    1.0020    1.0397
1.0602    1.0183    0.9988    0.9517    1.1186    0.9901    0.9313    0.9946
0.9994    1.0469    1.1096    0.9892    0.9809    1.0130    1.0540    0.9224
1.0395    1.0487    0.9300    0.9842    0.9653    1.0277    1.0372    1.1085
0.9298    0.8941    1.0240    1.0693    1.0500    0.9489    1.0771    0.9829
1.0771    0.9977    1.0104    0.9826    0.9432    1.0095    1.0344    1.0136
0.9113    0.9517    1.0161    1.0603    1.0077    0.9783    0.8225    1.0177
1.0103    0.9764    0.9997    1.0619    0.9933    0.9263    0.9516    0.9347
0.9827    1.0868    1.0141    1.1260    1.0413    1.0197    1.0156    1.0611
0.9421    0.9611    0.9874    0.9810    0.9016    0.9578    0.9592    1.0126
1.0168    0.9158    0.9153    0.9762    1.0062    0.9749    1.0142    1.0072
1.0166    1.0089    0.9708    1.0838    1.0131    0.9330    0.9967    1.0675
1.0706    0.9938    1.0117    0.9631    0.9114    0.9699    0.9726    1.0080
1.0068    0.9792    1.0129    0.9092    0.9921    1.0220    1.0034    0.9139
1.0289    1.0440    1.0302    1.0043    1.0315    1.0786    1.0256    0.9992
1.0122    1.0283    1.1110    1.0250    0.9362    0.9434    1.0572    1.0583
1.0734    1.0188    0.9173    0.9819    0.9850    1.0173    0.9553    1.0606
1.0565    0.9862    1.0340    0.9825    1.0098    1.0262    0.9714    1.0132
1.0005    1.0175    1.0068    0.9319    0.9739    1.0522    0.9640    0.9153
1.0062    0.9854    0.9981    1.0861    1.0787    1.0630    1.0424    1.0548
1.0890    1.0093    0.9653    1.0101    1.0385    0.9447    1.0786    0.9971
0.9880    1.0288    0.9936    0.9726    0.9711    1.0031    1.0528    1.0096
1.0429    1.0170    1.0340    1.0201    1.0166    1.0615    1.0671    1.0641
0.9561    0.9664    1.0213    1.0417    1.0564    1.0273    1.0125    1.0201
0.9619    0.9731    0.9197    0.9476    1.0124    1.0700    0.9599    0.8139
1.0431    0.9480    1.0453    1.0113    1.0278    1.0608    1.0340    0.9168
1.0324    1.0499    1.0125    0.9759    1.0322    1.1172    1.0863    0.9586
1.0529    0.9987    1.0947    1.0825    1.0370    0.8690    1.0253    0.9354
0.9683    0.9672    0.9444    1.0079    0.9339    0.9834    1.0465    1.0077
1.0509    1.0339    0.9639    0.9438    0.9662    0.9831    0.9228    1.0076
1.0086    0.9745    0.9124    0.9944    0.9824    0.9288    1.0286    0.9653
0.9976    1.0223    1.0002    1.0225    0.9201    0.9739    0.9923    1.0585
1.0845    1.0758    1.0498    1.1050    0.9299    1.0711    1.0277    0.9606
1.0719    1.0469    0.9761    1.0020    1.0179    1.0030    1.0638    0.9827
0.8874    0.9920    0.9740    1.0286    1.0179    1.0480    0.9680    0.9666
1.0178    0.9943    0.9853    1.0600    1.0462    1.0817    1.0753    0.9552
0.9575    1.0969    0.9920    1.0254    1.0183    0.9855    0.9528    1.0027
0.9850    0.9915    1.0512    0.9565    0.9617    0.9795    1.0020    0.9303
0.9683    1.0151    1.0008    0.9919    0.9992    0.9341    1.0153    0.9844
1.0812    1.0163    0.9759    0.9671    0.9642    0.9861    1.0533    1.0415
1.0621    1.0462    1.0317    1.0353    1.0434    0.9643    0.9838    1.0407
1.0278    1.0108    0.9318    1.0770    0.9245    0.9890    0.9532    0.9027
1.0352    1.0183    1.0299    0.9989    1.0430    0.9887    1.0708    1.0203
1.0229    1.0161    0.9897    1.0527    1.0249    0.9636    1.0181    0.9771
1.0342    1.1345    1.1070    0.9652    1.0387    0.9428    0.9043    1.0225
1.0126    1.0438    0.9676    1.0080    0.9711    0.9811    1.0160    1.0086
0.9911    0.9562    1.0212    0.9912    1.0099    1.0007    0.9150    0.9842
1.0254    0.9391    1.0059    1.0815    0.9979    0.9552    1.0395    0.9993
0.9845    0.9193    0.9460    1.0147    0.9245    1.0176    1.0694    1.0304
0.9803    1.0920    1.0438    1.0384    1.0242    0.9928    0.9909    1.0363
0.9865    0.9591    0.8887    0.9829    1.0221    0.9870    0.9546    0.9625
0.9956    1.0496    0.9027    0.9683    0.9628    1.0456    1.0613    0.9336
1.0004    1.0267    0.9345    1.0197    1.0620    1.1153    0.9745    0.9790
1.1266    0.9237    1.0653    0.9591    0.9117    1.0424    0.9591    1.0510
0.9388    1.1011    1.0492    0.9319    0.9795    1.0321    0.9369    1.0171
0.9464    1.0276    0.9374    0.9849    0.9805    1.0002    0.9266    1.0197
1.0123    1.0910    0.9910    1.0800    0.9643    1.0065    1.0138    0.9779
0.9975    1.0171    0.9628    0.9804    0.9668    1.0291    0.9834    0.9617
0.9635    1.0090    1.0117    1.0110    1.0242    0.9724    1.0394    1.1039
1.0163    0.9490    1.1051    0.9703    0.9563    0.9254    0.9972    0.9947
1.0376    1.0019    0.9562    0.8975    1.0034    1.0215    0.9895    0.9983
0.9423    1.0069    1.0974    1.0000    0.9787    0.9649    0.9139    0.9863
0.9796    0.9239    0.9767    1.0847    0.9936    1.0197    0.9612    1.0035
0.9356    0.9991    0.9674    0.9834    1.0966    0.9585    1.0052    0.9840
1.0042    1.0082    1.0305    0.9425    0.9729    0.9373    0.9786    0.9478
1.0082    0.9639    1.0355    0.9505    1.0443    0.9298    1.0638    1.0246
1.0341    1.0205    1.0140    1.0182    1.0019    1.0141    0.9084    1.0720
0.9457    0.9394    0.9266    0.9790    1.0016    1.0977    0.9909    1.0092
1.0149    0.9713    0.9654    1.0492    0.9049    1.0100    1.0057    0.9628
0.9928    1.0053    0.9566    0.9862    1.0510    1.0245    0.9639    1.0028
1.0696    0.9697    0.9744    0.8957    1.0077    1.0072    1.0056    1.0510
1.0153    1.0211    0.9609    0.9780    0.9783    1.0115    1.0831    1.0892
0.9731    0.9819    1.0213    1.0356    1.0019    1.1183    0.9475    0.9297
0.9886    0.9563    1.0506    1.0513    0.9945    0.9609    0.9825    1.0057
0.9732    1.0466    0.9875    1.0642    1.0916    0.9921    0.9290    0.9783
1.0720    1.0300    1.0277    1.0500    0.9447    0.9663    1.0364    1.0272
0.9744    1.0286    1.0379    1.0537    0.9719    1.0357    0.9397    1.0084
0.9197    1.0343    1.0067    1.0947    1.0131    1.0128    0.9571    0.9706
0.9899    1.0505    0.9864    1.0767    1.0927    0.9836    1.0711    0.9096
1.0572    1.0495    0.9729    1.0088    1.0129    1.0371    1.0412    0.9393
1.0332    1.0017    0.9418    0.9762    1.0556    0.9497    0.9622    0.9697
1.0082    0.9775    0.9863    0.9860    1.0376    1.0060    1.0508    0.9863
1.0893    0.9945    1.0080    1.0351    1.0359    1.0100    0.9670    1.0588
0.9706    1.0619    0.9907    1.0604    1.0644    1.0787    1.0053    0.9703
1.0130    0.9401    1.0109    0.9876    1.1146    1.0269    1.0917    1.0186
0.9564    0.9718    1.0023    1.0756    1.0074    1.0017    1.1129    1.0453
0.9606    1.0522    1.0335    0.9638    0.9855    0.9329    0.9778    1.0116
0.9828    1.0423    0.9685    0.9767    1.0094    0.9265    0.9985    1.0042
1.0324    0.9752    0.9941    0.9807    0.9848    1.0295    1.0520    0.9695
1.1027    0.9897    1.0121    0.9669    0.8844    0.9650    1.0304    1.0421
1.0399    0.9922    0.9812    1.0435    0.9942    0.9879    0.9883    1.0814
0.9464    0.9862    1.0140    0.9906    1.0084    0.9565    0.9895    1.0238
0.9897    0.8778    0.9113    1.0926    0.9817    1.0091    0.9608    1.0154
0.9723    0.9786    1.0229    0.9997    0.9892    1.0114    0.8864    1.0118
0.9854    1.0155    1.0231    1.0933    1.0618    1.0872    0.9922    1.0517
1.0590    1.1226    0.9999    0.8785    1.0041    1.0909    0.9401    0.9835
1.0189    0.9269    0.9824    1.0181    0.9985    1.0531    0.9886    0.9744
1.0496    0.9682    0.9784    1.0142    0.9669    1.0542    1.1234    1.0266
1.0302    0.9807    0.9148    1.0968    0.9721    0.9415    1.0017    0.9847
0.9604    0.9529    1.0548    1.0131    0.9950    1.0638    1.0755    1.0446
1.0465    0.9663    1.0318    1.0890    1.0064    0.9529    0.9445    0.9268
0.9325    0.9038    0.9456    1.0946    1.0194    0.9200    1.0638    1.0663
1.0400    0.9944    0.9261    0.9690    1.0818    1.1583    0.9163    0.9635
1.0300    0.9741    0.9807    0.9405    1.0678    1.0159    0.9860    1.0119
1.0550    1.0267    1.0340    1.0429    0.9401    0.9669    1.0145    0.9766
0.9290    1.0029    1.0416    0.9592    1.0878    1.0004    1.0310    1.0357
0.9898    1.0533    1.0267    0.9921    0.9507    1.0035    0.9938    0.9291
1.0009    1.0810    1.0384    0.9714    1.1286    0.8965    0.9459    0.9466
1.0050    1.0061    1.0877    1.0050    1.0100    0.9642    0.9391    1.0816
1.0438    0.9381    0.9148    1.0298    0.9781    1.0265    0.9639    0.9512
1.0350    1.0122    1.0235    1.0356    0.8989    1.0018    0.9490    0.9651
1.0326    1.0699    0.9973    1.0068    0.9801    0.9169    0.9710    1.0031
1.0089    0.9952    0.9626    0.9527    1.0771    0.9754    0.9525    0.9601
1.0838    1.0194    1.0358    0.9577    0.9794    0.9925    1.0621    1.0073
0.9837    0.9517    0.9997    1.0146    0.9775    1.0041    1.0135    1.0588
1.0051    1.0755    1.0600    0.8908    0.9343    0.9161    1.0142    1.0034
0.9712    1.0202    0.9483    0.9413    0.9413    1.0128    0.9581    1.0863
0.9969    0.9789    0.9576    0.9217    0.9711    1.0765    1.0138    0.9275
1.0363    0.9163    1.0217    0.9836    1.0180    0.9204    1.0162    0.9858
0.9386    0.9656    0.9556    1.0243    0.8969    1.0219    0.9532    0.9563
1.0095    0.9486    1.0061    1.1182    1.0334    1.0672    0.9405    1.0184
0.9633    0.9754    0.9799    0.9998    0.9759    1.0190    0.9033    0.9369
1.0394    1.0173    1.0548    0.9466    1.0402    1.0295    1.0436    0.9120
0.9017    1.0415    1.0218    0.9773    0.9998    0.9762    0.9494    0.9803